213
105
250
130
106
130
288
325
245
40
356
3
10
244
385
423
295
293
474
6
292
129
139
67
209
330
62
232
8
498
172
311
397
280
492
61
189
418
89
320
261
333
387
261
379
452
254
343
321
394
72
39
322
145
283
471
179
214
202
424
423
127
150
315
6
457
326
405
480
115
88
254
64
412
371
57
433
188
22
39
457
313
323
48
44
208
300
219
439
139
434
351
450
436
26
112
131
226
304
159
491
169
174
301
63
419
204
212
171
332
334
89
387
394
298
194
69
116
230
184
265
61
475
184
187
240
161
360
93
263
243
26
189
214
261
122
272
65
477
83
49
148
203
46
432
370
127
394
469
191
412
353
446
161
134
324
264
374
376
170
13
289
73
220
137
221
429
483
114
365
381
440
197
341
330
87
97
43
347
150
99
257
388
483
195
11
326
410
377
61
165
20
130
350
318
198
279
482
476
108
29
43
226
243
145
238
294
175
137
36
488
370
176
294
259
220
102
345
119
336
384
471
242
91
124
485
111
252
461
169
249
24
408
283
440
471
281
197
363
485
382
32
471
202
291
75
315
203
252
125
259
54
437
406
287
220
115
75
9
354
69
350
63
148
252
32
357
185
391
253
4
354
306
164
33
292
268
121
264
265
99
345
183
480
312
416
486
220
136
259
477
428
215
220
266
398
136
139
198
407
142
145
43
123
393
125
434
122
200
108
333
182
330
306
213
216
276
92
91
378
327
123
233
423
116
120
367
406
480
12
22
356
439
444
277
371
138
497
378
444
190
95
135
334
146
199
244
425
404
227
225
481
219
351
178
317
119
168
259
447
289
391
392
226
359
365
21
103
261
324
34
283
236
314
353
259
300
237
341
424
42
371
10
26
451
227
326
318
298
82
401
183
50
312
290
456
124
213
271
137
471
24
59
30
482
256
371
88
57
22
114
477
313
201
250
182
233
71
137
162
58
301
11
70
53
500
91
242
275
57
397
220
31
476
212
338
377
223
460
277
177
282
134
187
127
500
89
399
273
364
148
201
144
379
450
488
434
182
130
246
87
99
393
71
366
359
432
433
480
25
117
183
471
162
50
277
364
111
304
479
446
350
356
401
103
447
10
68
147
19
159
498
385
199
48
213
233
406
290
497 
